100 2000
18467 9658 41 4639 100 84
6334 2306 41 3977 100 69
26500 8745 6334 5021 100 63
19169 5829 41 6270 100 77
15724 6512 6334 5097 100 76
11478 8636 19169 9161 100 59
29358 5574 19169 3655 100 82
26962 1150 29358 7350 100 97
24464 3430 26500 3966 100 75
5705 1337 29358 8007 100 58
28145 383 6334 7753 100 62
23281 9758 15724 2209 100 90
16827 4946 6334 6422 100 61
9961 9168 5705 6413 100 69
491 1655 41 8762 100 58
2995 537 6334 7624 100 90
11942 4041 24464 7595 100 66
4827 836 6334 291 100 99
5436 4021 29358 4596 100 79
32391 4484 26962 9668 100 50
14604 1999 29358 53 100 65
3902 3788 4827 6900 100 61
153 4893 26500 3728 100 82
292 2421 41 7807 100 66
12382 9514 5705 2813 100 82
17421 7451 24464 8935 100 83
18716 1556 17421 6519 100 50
19718 1008 11478 6224 100 96
19895 2702 491 4989 100 90
5447 4343 491 3093 100 64
21726 9503 5436 9314 100 62
14771 6618 292 3458 100 99
11538 5281 14604 4798 100 53
1869 7157 15724 8009 100 51
19912 2292 14771 8538 100 77
25667 9657 17421 8190 100 70
26299 2888 26500 9815 100 58
17035 2634 19169 6202 100 88
9894 2646 9961 328 100 94
28703 8433 6334 8875 100 63
23811 1416 14604 3844 100 57
31322 8651 23811 322 100 51
30333 8476 6334 3557 100 50
17673 712 28703 5075 100 60
4664 6869 19912 1003 100 89
15141 9789 16827 3401 100 61
7711 585 18716 5002 100 76
28253 1426 17035 7088 100 64
6868 932 18467 9832 100 92
25547 7189 5436 5721 100 95
27644 8692 19912 2368 100 70
32662 6549 18467 3434 100 94
32757 8060 14604 145 100 87
20037 2423 5705 6139 100 96
12859 2529 20037 6687 100 53
8723 2949 26299 9866 100 62
9741 416 3902 3297 100 54
27529 6282 28703 4488 100 94
778 1701 11478 8114 100 65
12316 2263 8723 5786 100 78
3035 53 30333 1185 100 94
22190 945 17673 1832 100 91
1842 9558 19895 8321 100 93
288 4144 5447 481 100 67
30106 2161 8723 7129 100 77
9040 466 9741 1173 100 99
8942 6439 27644 6292 100 90
19264 9510 6868 6154 100 75
22648 8313 32757 3186 100 50
27446 4018 288 2168 100 77
23805 7391 30333 7958 100 94
15890 4414 25547 6477 100 74
6729 5874 30333 9334 100 75
24370 8070 17421 1833 100 90
15350 8177 22190 7518 100 52
15006 2668 30106 1763 100 79
31101 8480 14604 3102 100 64
24393 4099 23811 4802 100 72
3548 1924 11538 1543 100 74
19629 4181 1842 3061 100 77
12623 7593 3035 7505 100 67
24084 142 28145 8492 100 68
19954 7900 23811 3064 100 63
18756 974 19912 2413 100 89
11840 833 15350 235 100 79
4966 4667 11942 8896 100 89
7376 3694 288 140 100 99
13931 2125 12859 8019 100 75
26308 6302 20037 2658 100 55
16944 2593 18467 4678 100 83
32439 8464 24464 1018 100 65
24626 8087 27644 2800 100 97
11323 4757 32439 9010 100 73
5537 227 3902 9576 100 84
21538 5109 6729 7164 100 91
16118 3487 5705 9565 100 63
2082 5627 26308 2625 100 75
22929 8520 30333 5423 100 71
16541 4596 23805 123 100 87
26299 1264 3035 2525 100 54
12316 326 6334 5030 100 83
28145 1153 23805 5547 100 88
32391 1763 16944 188 100 75
28703 900 27644 3829 100 87
16827 3007 27529 8365 100 71
31101 2303 41 6439 100 91
12316 5108 9741 6477 100 75
16827 4460 7376 2850 100 98
19718 6540 11323 9405 100 65
28145 6072 19169 2356 100 64
25547 3216 153 556 100 64
17421 9337 9741 3357 100 73
23805 3022 22648 2896 100 88
11942 1585 23281 8696 100 82
23811 4565 153 4229 100 70
778 2053 14771 9855 100 53
22190 6972 18756 6654 100 65
9741 2607 22648 2963 100 67
19954 2848 28145 67 100 64
15350 3754 17035 2142 100 76
28145 7825 23811 1459 100 74
14604 5205 27446 1934 100 73
19954 2701 25547 2279 100 51
11323 5556 1869 6534 100 62
11323 548 15006 6962 100 94
12623 9855 41 6641 100 86
12859 877 31322 7611 100 87
292 8296 24393 8443 100 97
6729 72 28703 875 100 86
4827 8112 5705 4932 100 82
21538 6488 22648 40 100 68
11840 5990 16944 2589 100 52
4664 6740 32757 8651 100 85
17673 1192 27529 8759 100 64
15724 3829 288 8503 100 68
15350 7549 26962 5997 100 57
8723 9541 3035 6467 100 72
19895 601 28703 9174 100 86
31101 3992 491 8213 100 66
292 2670 18467 5759 100 57
19718 8786 18716 75 100 65
22929 2604 27446 3847 100 62
26500 2363 14604 5706 100 86
5705 2164 23805 8240 100 60
31322 6704 5436 7591 100 86
4827 4975 14771 5205 100 99
9894 1247 26500 1098 100 77
18756 2913 28253 7864 100 78
15350 8678 4664 7546 100 87
22648 8289 22190 3985 100 80
17673 5508 30106 3245 100 59
4827 1132 27446 8323 100 98
15890 9763 32662 8570 100 62
18467 1600 26500 3527 100 76
22648 1543 491 28 100 84
7711 2409 13931 2637 100 56
1842 1342 6868 1588 100 68
26962 9954 12316 1758 100 78
13931 2843 15141 7949 100 59
5447 4536 32391 7067 100 51
19954 7038 19912 5185 100 73
32757 9923 19895 5748 100 75
778 4955 9741 4944 100 83
4827 355 17421 1025 100 88
18467 9515 6868 8584 100 53
288 6142 31322 7913 100 74
16118 4606 28253 426 100 77
6729 626 19895 6705 100 95
23281 6036 15350 6565 100 56
25667 8256 23811 5994 100 85
32662 1355 25667 482 100 61
491 4625 21726 7841 100 69
28145 1650 26299 9690 100 63
22190 1416 1869 353 100 56
32662 5454 26962 2233 100 87
26500 148 1869 4256 100 96
292 4028 11942 7109 100 86
41 4050 19629 6858 100 81
12859 3676 3035 1903 100 85
30333 8489 24464 3561 100 97
28253 2220 24084 674 100 96
6334 3878 153 9369 100 68
778 3 26962 3971 100 80
4664 2685 12623 2392 100 95
16827 5938 22929 2722 100 60
26299 2508 5705 6234 100 88
3035 5269 778 1515 100 56
26299 3971 22648 4700 100 91
288 7815 11942 4555 100 84
5447 8082 9894 9288 100 87
20037 4774 11840 4484 100 89
19629 8115 491 6541 100 98
3548 788 5705 3073 100 51
31101 6113 14771 8689 100 93
26962 1363 23811 1723 100 59
19718 5071 18756 7200 100 71
11840 2867 24370 1333 100 78
32757 9676 21538 825 100 81
19895 4693 25547 3309 100 51
4966 6667 19629 2249 100 83
19718 8405 3548 9421 100 85
17421 8666 2995 7726 100 83
7376 5686 12623 1340 100 85
14604 9309 22190 6064 100 78
491 3941 6334 7124 100 76
4664 4806 22190 7531 100 76
19264 4307 4827 1907 100 97
12623 4114 23281 6630 100 63
24464 1293 18756 2290 100 93
16118 4708 32662 5345 100 95
28253 114 32439 5131 100 87
9894 6995 27529 9704 100 77
32662 6423 22648 8238 100 70
4827 8486 9040 2498 100 90
16118 2022 22190 2158 100 66
15141 647 24626 3925 100 62
27529 7830 6334 4098 100 92
24626 8352 41 799 100 71
28253 4575 24084 8315 100 59
22190 1418 8942 8397 100 63
2082 4230 19718 6816 100 98
6868 4520 12382 229 100 91
28703 1655 12316 5162 100 52
15350 6398 24626 1754 100 88
15141 9569 9961 1188 100 53
17035 1521 1842 4515 100 74
15350 2570 491 3234 100 71
15724 4161 288 8962 100 92
292 1923 6868 330 100 80
25547 9737 11538 910 100 74
25667 7636 26299 2393 100 71
9961 9135 288 9949 100 58
15724 2623 26299 6337 100 95
288 9281 27446 568 100 91
11840 8194 32662 8652 100 76
15006 6249 17421 7572 100 53
28703 2611 24370 943 100 80
23811 3805 26308 5565 100 80
11840 2609 2995 1615 100 99
288 3509 9040 6074 100 56
41 3161 21538 5589 100 76
15890 6268 19264 6031 100 91
17421 8779 5705 774 100 77
5705 5495 32662 5391 100 67
288 8255 24370 4902 100 85
12316 6122 24370 6821 100 77
7711 195 31101 5605 100 60
5537 2481 25547 754 100 56
23281 5912 15890 3428 100 60
22190 1908 8942 4415 100 91
153 9486 778 5204 100 65
5436 8166 27529 6806 100 54
41 8532 8942 1787 100 57
8723 8283 24370 5021 100 52
3902 6948 21726 8583 100 73
153 9220 24084 4776 100 81
28145 8925 24084 9490 100 93
292 1643 4966 5969 100 72
1869 1991 31101 1068 100 81
16118 9426 19954 7727 100 71
23805 1027 2082 8703 100 87
26962 238 4664 7185 100 91
26299 8850 30333 2501 100 86
19718 1192 28145 8149 100 99
20037 267 22648 7465 100 68
16827 972 11323 5472 100 65
5447 3877 18467 5177 100 57
27446 6590 6334 1381 100 85
153 6595 26299 2179 100 76
22648 8182 18716 1310 100 57
27529 2528 17421 1670 100 62
27644 5783 27529 9860 100 86
4966 7128 31322 4472 100 89
1869 4867 23811 3503 100 81
30106 2750 17035 9257 100 68
9961 6063 22929 2661 100 91
8723 9435 29358 9489 100 71
30106 7833 15350 1386 100 63
12316 9492 5447 8928 100 51
11538 9810 28703 1735 100 83
16541 7328 26299 1982 100 57
32662 6608 22648 1794 100 55
32662 7208 7711 9535 100 67
288 2015 2082 7649 100 56
23811 648 26308 9812 100 99
153 9891 27644 8633 100 75
41 4919 20037 5697 100 59
19629 3340 24393 2544 100 68
7376 5538 16541 8483 100 74
24626 1560 11323 5011 100 97
1869 8529 28703 2785 100 52
28703 3210 15724 3392 100 58
6868 9277 24393 971 100 70
6729 3826 11323 1497 100 79
15006 1159 16944 3578 100 67
4827 2924 26308 3449 100 90
15890 208 19629 7967 100 91
31101 4196 26500 2607 100 79
24370 8761 3902 9019 100 88
8723 3716 16944 6683 100 86
14771 6813 32662 4954 100 58
22190 904 16118 615 100 89
16541 7032 25667 9198 100 69
7376 7006 18756 3517 100 59
27446 3523 23811 5249 100 67
27529 7296 15724 7095 100 78
2995 5058 24393 3579 100 71
31101 4081 25547 3729 100 92
21538 899 24393 7753 100 73
18756 6172 30106 3608 100 56
30333 5055 19895 168 100 85
32439 5651 6729 6748 100 77
4966 6517 17673 1577 100 53
19895 5469 2995 5791 100 75
23281 9815 15141 9091 100 56
6868 236 9741 6052 100 59
27644 6955 7376 8162 100 73
19954 3065 5537 6097 100 69
30106 1078 16827 2578 100 88
24393 2445 28703 1947 100 88
27446 6149 15350 4750 100 60
11538 7007 30106 7282 100 85
14771 4882 16118 8522 100 82
5705 6705 23811 2187 100 68
3548 9447 14604 1351 100 61
26962 189 15141 5759 100 73
3902 2028 9040 3455 100 63
9961 1348 12316 1777 100 96
26500 2455 3035 9082 100 68
2082 7296 11478 5821 100 97
12623 7124 14604 5947 100 94
4827 9859 19912 1774 100 73
22929 635 24370 6922 100 96
30333 4747 13931 3232 100 96
19629 4801 17421 6450 100 71
3035 5716 16541 6363 100 94
6729 8274 3035 6473 100 54
25547 2699 32757 4287 100 68
5705 2529 30333 7172 100 84
12623 8247 23281 4381 100 73
16944 32 23805 2372 100 94
26308 9658 32391 5431 100 84
11323 2206 11478 6948 100 71
23805 1020 9040 6697 100 53
5537 7984 19895 109 100 61
22648 6626 24393 4015 100 82
18756 2097 19264 5928 100 93
4827 4486 16944 1785 100 50
16541 5813 32391 8271 100 89
491 1331 11840 3580 100 81
8942 4507 7376 3186 100 55
12316 7152 18716 6431 100 75
23805 337 19264 9885 100 56
28145 7768 19169 406 100 72
3902 7537 16827 542 100 99
17035 1647 13931 3289 100 94
12623 761 11323 987 100 65
11323 9447 11942 7482 100 98
30106 9095 32757 5084 100 95
12382 4872 14604 1781 100 85
11478 7080 8723 2593 100 56
19629 968 19264 3713 100 88
27644 7040 2995 8768 100 70
21726 2259 11538 663 100 70
32757 1874 25667 4365 100 54
32391 8455 19912 8976 100 69
12382 9156 23805 3559 100 91
6334 7375 14771 440 100 94
22190 1836 11840 1080 100 87
2082 5340 6334 80 100 91
15006 8546 27529 7740 100 56
24370 3335 6729 8880 100 52
15890 666 41 2955 100 92
23811 8315 13931 7168 100 68
16118 8136 12382 2012 100 90
12859 21 22190 742 100 56
3902 7368 23281 6018 100 51
11942 3335 9961 3290 100 99
778 2640 22648 5303 100 54
3548 8661 16541 4791 100 94
12623 2029 32662 4033 100 96
7376 1420 31322 83 100 96
9961 7229 4827 1063 100 55
32662 5005 288 470 100 80
7711 3276 5537 4326 100 62
153 2588 28703 3990 100 70
5705 8470 23805 9221 100 54
19954 4779 26308 4978 100 94
11478 7196 22190 3487 100 64
11538 5993 13931 9779 100 64
16944 9105 22190 1001 100 84
29358 2671 8942 3134 100 80
9741 4218 22929 3597 100 54
17035 1028 17673 8563 100 77
288 7604 18467 3490 100 76
18467 9771 18716 3692 100 52
1842 3565 18467 7721 100 86
14604 6741 4664 495 100 89
3902 8055 23281 3015 100 98
11323 1608 17035 9882 100 70
20037 1338 3902 4245 100 92
17673 4604 16944 3154 100 60
153 1981 12382 1724 100 71
5447 9130 11538 594 100 76
15141 8616 7376 8805 100 54
25547 8135 26308 1963 100 61
2082 1908 24464 3224 100 69
26299 293 24370 7372 100 79
12859 7606 1869 1056 100 88
18756 6741 15350 4119 100 67
14771 8283 18756 2279 100 70
8942 2737 25667 4118 100 74
19718 4091 5436 737 100 72
8723 8793 21538 1901 100 89
14771 5907 25667 4875 100 69
18756 476 24370 6790 100 80
23811 2974 27644 6290 100 70
15890 1490 32439 5787 100 60
9894 681 11323 7063 100 96
26500 1695 15724 8479 100 73
9894 3639 19264 1083 100 51
491 5722 14604 5826 100 56
17035 8978 19718 4399 100 68
32439 4243 153 4834 100 56
6868 5141 6334 502 100 92
7376 8413 15141 4637 100 58
41 8935 2995 3162 100 59
17421 6260 5705 1382 100 72
26308 722 15724 2663 100 75
21538 8588 9040 6038 100 89
28145 6867 4664 2425 100 82
26308 502 31322 1547 100 86
11942 1203 16541 7226 100 76
28253 9458 27644 8636 100 79
8942 9962 8723 1531 100 94
5436 1495 15350 7531 100 93
17673 8915 32439 3388 100 96
25547 9383 5436 5791 100 77
11538 8300 15350 3569 100 57
20037 5333 24393 2257 100 64
11323 7233 16944 4750 100 96
3902 338 23805 8990 100 88
23811 9658 27529 2352 100 52
3548 2 6334 8990 100 66
19264 8008 3902 6135 100 54
3035 3188 31322 3699 100 55
24393 1847 31322 3941 100 92
22648 4964 4664 1913 100 69
5705 7504 3035 73 100 64
22190 5154 26500 1069 100 97
19895 3730 32662 9149 100 75
6868 9552 4827 6363 100 84
6729 7511 27446 6747 100 68
22648 7352 22929 7103 100 51
3548 1088 32757 4522 100 56
1842 7240 1869 7022 100 99
28145 5477 24626 8580 100 98
2995 4615 15006 5220 100 71
28253 6857 22929 1635 100 70
19954 9420 22190 8262 100 97
27446 2686 3902 5841 100 76
13931 3698 11942 1892 100 82
8942 6932 6868 389 100 84
5436 3028 12623 9130 100 96
21726 9172 26308 8630 100 97
288 9681 29358 5428 100 54
16944 5236 5705 1071 100 72
778 7037 30333 7633 100 59
11323 8782 5447 2993 100 75
26500 2307 3035 9662 100 59
2082 6717 27644 8890 100 76
28703 3661 26500 4883 100 83
778 2765 4664 2651 100 63
18467 7283 28703 1497 100 90
25547 581 27529 175 100 78
7376 2504 23805 7999 100 62
3548 2461 17035 530 100 99
4827 4459 15724 8828 100 59
3902 2935 22929 7098 100 89
12623 8596 9961 8493 100 82
3035 538 15141 7670 100 61
15006 6760 12859 6371 100 82
32662 9065 27529 2255 100 66
17421 393 18467 2759 100 65
28253 2933 6729 6193 100 57
26299 3694 26500 8211 100 59
19264 5248 18716 989 100 51
3548 669 7711 931 100 50
15350 4599 22929 5436 100 50
153 2861 30333 8154 100 68
1869 1393 11840 816 100 82
19169 8223 9040 308 100 96
18756 2469 24626 48 100 82
5447 5427 28145 6090 100 85
30333 7195 19169 6474 100 50
11478 7809 27529 9858 100 60
26308 9364 7711 3818 100 59
15350 66 17421 2503 100 60
23281 5395 28703 4676 100 79
23811 8187 4966 1109 100 98
19954 8686 11840 1250 100 59
12859 4277 12623 5502 100 71
22190 832 292 3872 100 84
11840 6478 19718 889 100 53
19954 5045 12382 1260 100 84
24393 2927 14604 2520 100 94
6729 3336 1869 2675 100 98
1869 5974 18467 9310 100 62
16944 935 8723 2080 100 78
4664 3573 24084 8718 100 74
23281 7162 26299 9905 100 51
11942 946 24626 8047 100 60
26500 5858 21726 839 100 84
19895 9645 4664 7199 100 55
15890 3773 15350 2072 100 87
19629 9608 17035 3542 100 52
26500 1401 31101 134 100 74
24393 7478 24084 736 100 80
9894 663 17035 1426 100 78
31101 7700 15350 5981 100 75
3035 5095 22190 8448 100 97
18756 3993 2995 9507 100 62
18756 7058 17673 821 100 90
30333 9857 19264 119 100 72
23811 6915 32439 1623 100 85
15890 7615 19895 4715 100 58
25667 3452 9741 700 100 90
11323 5227 23811 2448 100 70
22929 8133 292 2274 100 75
11840 2629 17035 6862 100 79
18756 7085 24464 6923 100 71
41 9412 292 3105 100 56
30106 3784 8942 677 100 92
19169 621 16944 891 100 65
11840 7998 1869 542 100 59
4966 2597 4827 424 100 78
15006 2927 20037 8108 100 80
11323 2438 19264 9102 100 83
41 4984 5436 2290 100 81
9894 1478 8723 4632 100 91
9961 5020 7376 8074 100 60
18716 6798 20037 7441 100 61
31322 3946 6334 104 100 78
8723 9761 24464 7708 100 66
11538 142 4966 6385 100 95
31322 4343 12316 1620 100 88
24393 4591 7376 3063 100 86
1869 5012 491 9761 100 93
28145 3370 778 8738 100 98
292 951 29358 7584 100 92
18467 1790 26308 5441 100 91
16827 7093 23281 1060 100 94
15890 7373 6334 3543 100 73
9040 532 27644 1528 100 74
3035 7107 22648 2729 100 96
24626 2570 27644 8392 100 96
5436 9505 15890 2494 100 92
28703 8607 19954 1409 100 87
17035 654 12316 1171 100 78
7711 489 9961 1229 100 76
9040 7470 7376 6632 100 93
9894 8160 9040 7283 100 77
32757 5386 15724 1259 100 58
7376 2045 19895 8317 100 57
8723 466 13931 3154 100 97
11538 6738 12316 5631 100 80
8942 6320 15006 4314 100 51
32757 9722 29358 4216 100 80
31322 947 29358 6260 100 86
11323 1376 5447 3043 100 82
9961 620 17421 1334 100 82
23805 8866 24626 9154 100 85
11323 2212 288 3000 100 74
41 943 27644 6379 100 73
31101 8272 26308 1385 100 88
1869 4504 17673 5563 100 88
15141 1430 13931 2157 100 91
153 3837 288 4346 100 75
12623 7591 4827 6292 100 88
14771 1461 153 6991 100 88
5447 8400 22929 7291 100 80
3548 1595 11942 9914 100 82
23811 1453 25667 7028 100 82
24464 6569 6729 1503 100 68
2995 8402 19954 5385 100 82
5447 8310 9741 5567 100 68
9040 1245 7376 3477 100 78
288 6115 17035 2047 100 78
24626 53 28145 1405 100 92
23805 3675 19629 2530 100 59
32391 6586 16944 998 100 72
19169 8388 26308 9744 100 68
5705 5927 4827 8259 100 80
24464 6300 5436 2716 100 70
16118 4593 32757 830 100 91
11478 6160 6868 4272 100 95
5537 4229 20037 146 100 66
23805 9421 19718 2241 100 90
13931 2270 9040 6685 100 66
19895 8982 3035 2208 100 89
22190 1897 11478 1979 100 71
7376 7540 17035 783 100 80
21538 4557 9040 3509 100 66
11942 2258 1869 8135 100 96
11323 2951 30333 6466 100 56
28703 2512 5537 5174 100 62
2082 3492 27644 1817 100 54
24626 5296 26299 613 100 69
5705 8786 26308 5809 100 71
17673 6120 28703 8569 100 67
11323 2527 24626 4214 100 87
29358 7011 5537 4713 100 94
16827 8995 11323 6203 100 85
22190 1048 12623 9909 100 53
19264 4235 292 7954 100 88
18716 5127 11538 1862 100 59
31101 5100 11942 142 100 59
41 935 27529 3154 100 73
5447 5623 21726 3537 100 54
3902 6211 18716 211 100 70
20037 1321 19629 3293 100 96
11840 555 19718 1000 100 56
23805 4631 27446 9375 100 97
28703 8834 1869 7986 100 59
28253 312 9894 2796 100 84
22190 4464 32662 3987 100 68
9741 5450 28253 170 100 93
24084 3332 18467 4099 100 56
17673 9050 21726 1004 100 74
17421 9623 9040 9801 100 61
30333 7918 23811 9695 100 69
778 1088 1842 6329 100 71
20037 666 16827 8569 100 70
3548 3115 31101 3402 100 62
24626 323 153 9448 100 77
32757 4508 28253 5197 100 54
26962 6781 28145 7665 100 56
6334 7705 5705 7256 100 71
30106 253 153 1715 100 80
15724 1840 18756 2145 100 71
11538 3994 11840 968 100 99
11538 8032 11840 8281 100 51
8723 3901 5705 8982 100 77
11478 9527 19912 2471 100 89
26299 3995 30333 8233 100 81
23805 7879 26500 8011 100 57
1869 4161 23281 530 100 56
1869 5191 27529 5906 100 73
30333 6484 13931 2719 100 72
292 8094 11323 3224 100 64
24084 1146 8942 2005 100 72
4966 2850 26308 8237 100 59
778 2403 24393 2677 100 93
31322 1143 41 5225 100 88
21538 1006 2995 8804 100 84
19264 1325 23811 698 100 64
16827 8457 153 4618 100 87
16118 7846 9894 2094 100 63
30333 3455 3902 6280 100 88
27529 3873 7711 990 100 79
18716 2472 16827 1896 100 95
25547 3525 23811 5646 100 58
16827 5403 292 8695 100 70
5537 4640 11323 2187 100 82
3548 4860 23811 2534 100 74
41 5293 29358 7692 100 78
26500 9011 30333 639 100 56
12382 2850 19718 748 100 71
24626 4353 17673 3623 100 95
25667 6061 7711 826 100 53
19169 6405 17035 6886 100 78
16541 3751 8723 1267 100 71
5436 5846 32439 5717 100 83
11323 6867 7376 2912 100 78
16541 3328 17673 1201 100 52
31322 6641 19169 9768 100 81
16118 7918 22190 1244 100 79
12382 984 5436 8174 100 65
778 2503 6868 5695 100 85
14771 8363 27644 6814 100 62
27644 1683 5436 5917 100 59
4827 1269 18756 3586 100 97
28253 3168 26299 424 100 52
18716 9271 28253 382 100 56
22648 9104 11323 1014 100 72
18756 1293 30333 6811 100 54
24626 4890 22929 1299 100 59
11323 9314 24370 3774 100 50
6729 6833 22648 6865 100 81
17035 6508 28145 6463 100 97
6868 1920 13931 6231 100 54
11478 5258 23805 6421 100 81
9741 4122 7711 8238 100 67
153 1156 11478 189 100 93
4664 1550 27644 7118 100 76
2082 4510 25667 3406 100 58
16827 4743 27644 7844 100 69
23811 1705 4664 4949 100 71
9961 7204 11840 8624 100 72
8723 102 11942 555 100 72
4966 1411 19264 8979 100 51
26308 8410 27529 775 100 59
14771 3112 26308 1950 100 53
3902 8277 19895 5836 100 77
32757 2652 15006 9085 100 79
27644 435 2082 9001 100 98
11323 5328 15890 6716 100 83
28145 8939 12382 7296 100 61
17673 6758 8723 2902 100 73
13931 9777 14604 4108 100 63
19718 1280 3548 2549 100 52
4664 4719 19718 426 100 87
31101 3231 32439 3785 100 52
11478 4709 18756 6769 100 95
8723 6016 14604 3465 100 54
12316 5677 2082 5190 100 64
6868 8675 15724 3388 100 63
30333 6555 31101 8487 100 69
24084 289 32757 7754 100 99
13931 940 491 1310 100 91
16541 304 2082 8454 100 92
26299 9613 11840 792 100 50
23281 6129 24084 5351 100 66
26299 3683 11538 1864 100 99
9741 1708 19264 1968 100 89
23811 2499 14771 1684 100 62
18467 9692 22648 9256 100 66
28703 5820 7376 3810 100 87
19912 8677 1842 5897 100 84
24370 8878 1869 9533 100 96
4966 5349 292 8075 100 65
23281 6504 18756 7792 100 75
3902 4473 12859 462 100 86
18756 9397 12316 6053 100 77
3902 4006 25547 3917 100 62
21726 357 2082 9236 100 94
16541 1447 16944 985 100 51
18756 9855 24626 8996 100 74
19718 9795 17035 4428 100 57
31322 5053 26299 6767 100 93
11323 3924 15724 3609 100 53
20037 4209 30106 6206 100 60
24626 3061 16541 1036 100 74
7711 5712 4827 6727 100 86
16118 9090 24464 130 100 58
1869 666 491 3523 100 63
17673 5893 25667 5416 100 62
6868 9285 23805 2777 100 55
41 7118 16944 8325 100 64
19264 4541 11478 4008 100 70
12382 470 25667 716 100 69
18756 6204 7711 7936 100 71
41 6040 153 1411 100 85
25547 6141 19169 1766 100 66
27446 3256 4664 9088 100 93
29358 4199 9040 2678 100 92
24370 9832 12859 8990 100 58
27529 3967 16118 8290 100 82
29358 9402 1869 1462 100 53
9894 8314 17421 906 100 54
25547 5822 4966 7776 100 70
3548 3164 18467 5676 100 87
9741 144 27446 4312 100 61
3035 1856 19629 643 100 99
3035 9290 7711 9808 100 60
32662 4007 3548 1419 100 81
18756 8613 7711 5675 100 72
24464 6336 23805 6339 100 57
14604 1358 18467 8129 100 65
25667 4798 22648 8504 100 52
6334 65 15724 5032 100 61
2995 1727 12623 9023 100 70
23805 4816 16827 6140 100 67
13931 8259 5436 5513 100 60
27644 7038 23805 4364 100 66
23281 9574 18756 3501 100 90
11538 6595 778 7649 100 85
3902 1052 23811 5377 100 83
30106 967 32439 3310 100 61
12859 6439 7376 8222 100 75
23811 9368 28253 7834 100 95
23811 9176 15890 9974 100 81
26299 8018 11538 5745 100 58
491 8956 24370 846 100 97
292 2240 9040 8144 100 68
1869 1205 16118 5027 100 73
4827 6191 32439 3465 100 58
23805 2016 778 217 100 99
30333 1157 292 1505 100 85
6334 7632 9040 2046 100 74
26308 3152 15141 6003 100 54
18467 9649 17421 1184 100 96
25547 8970 15724 1025 100 53
25667 5532 21538 1323 100 56
8723 5692 16118 7776 100 89
25547 7350 16944 3852 100 54
491 9984 25667 3760 100 88
19895 6806 1869 8082 100 99
25667 9182 18756 1617 100 59
9040 3101 2995 9425 100 61
5705 5193 25547 8621 100 67
17035 280 20037 4895 100 56
17035 6883 8942 4345 100 79
30106 2632 16118 390 100 66
26308 2129 9894 3817 100 66
32757 8252 3548 600 100 86
4664 8963 3035 8318 100 98
16827 617 29358 1476 100 95
28145 9531 19895 5966 100 85
31322 7587 22929 1155 100 77
9741 8510 27529 3762 100 85
15141 5946 30106 3165 100 69
28703 3194 2082 4464 100 57
18756 1206 27446 2200 100 84
11478 7611 6334 8833 100 53
8942 6354 491 175 100 54
28253 6321 5436 7988 100 70
24626 8652 2082 3509 100 52
23805 7997 27529 6859 100 77
25667 3953 18756 1915 100 87
11840 4208 23811 1567 100 50
17673 1108 22648 4879 100 68
29358 4075 778 3849 100 93
17421 2884 292 7774 100 92
19718 1714 15141 481 100 54
6868 6793 19264 307 100 61
19169 5955 15724 8217 100 52
23811 679 30333 2097 100 66
25667 930 12859 1954 100 66
32662 4870 19169 2488 100 70
20037 5415 15890 6701 100 73
4966 260 21726 9975 100 69
9961 9438 17035 4990 100 92
12623 6070 7711 4618 100 57
21726 990 3035 8781 100 80
11538 502 15890 1302 100 86
19718 945 14604 1447 100 51
11478 3577 3902 5794 100 63
17673 485 19954 3240 100 52
288 7168 153 6653 100 62
5447 2512 12859 4858 100 83
8723 1276 4827 142 100 98
11478 270 6334 5023 100 65
23281 6850 25547 311 100 74
21538 183 13931 6101 100 79
22929 245 24626 6784 100 51
7376 6859 22190 8258 100 56
23805 4441 2995 2832 100 77
19954 8516 13931 3976 100 84
22929 9997 9894 3205 100 66
15141 9387 22648 917 100 74
32391 2389 5447 1735 100 57
6729 786 19629 777 100 76
12623 979 11840 8345 100 77
11840 883 16827 9735 100 64
4966 4752 16118 2085 100 51
14604 7688 12316 6636 100 67
5436 9278 25667 7065 100 57
22929 976 16118 1011 100 63
7711 6702 14604 7245 100 97
288 2370 9894 2257 100 77
32391 7298 20037 1080 100 90
32439 5867 12316 9591 100 89
11538 7775 15350 499 100 63
16944 703 15006 272 100 93
4966 3495 8942 3542 100 84
9040 9198 8723 8437 100 63
17421 8908 288 1665 100 64
28703 8012 12316 1154 100 85
32662 630 17035 2525 100 93
6868 8838 3548 8313 100 70
11942 1969 14604 5991 100 54
9894 9473 26962 3762 100 84
12623 2708 27446 7053 100 52
26962 7689 491 1066 100 70
1842 8631 23805 6259 100 58
15890 8170 9961 5988 100 83
19264 3444 16541 3850 100 94
25667 313 24393 9427 100 93
153 3461 23805 7073 100 72
6729 1417 1869 5587 100 97
1842 1495 32757 595 100 73
16827 3305 11478 3859 100 79
16118 7879 11538 4852 100 76
5436 1465 17421 1585 100 56
23805 4087 17673 7271 100 92
16541 7552 5436 5715 100 53
24626 4959 32757 7590 100 92
9741 5686 4966 5865 100 90
5436 1028 778 2435 100 86
18467 6731 19264 456 100 80
24393 1274 24370 843 100 54
2995 5722 292 8585 100 88
23805 5038 9741 8174 100 54
19954 6983 27529 5722 100 54
21726 5590 26500 4300 100 67
19629 2858 26962 2702 100 94
4827 5028 9741 4120 100 88
8723 7182 16827 3092 100 67
8942 3987 32391 1074 100 91
5537 9714 19954 7264 100 85
15141 3163 16944 6255 100 74
8942 2880 24626 2619 100 68
4827 9079 19718 4720 100 51
32439 2126 9040 5808 100 62
12382 35 778 3220 100 81
9961 134 8723 9156 100 52
12316 2294 27644 1478 100 91
26308 4090 292 9694 100 73
26308 1702 15890 301 100 80
17673 1827 153 609 100 60
26299 5169 4966 1827 100 83
153 3644 16541 415 100 85
25667 7858 22648 1676 100 71
32662 2988 15141 5915 100 62
2995 333 13931 8074 100 67
491 9616 8723 62 100 93
292 4872 19895 1984 100 57
6868 202 16118 8582 100 73
15350 8759 2995 4552 100 84
12859 9443 11942 3554 100 55
292 5733 16541 121 100 77
16827 2060 11942 1873 100 56
15350 1622 24370 2501 100 64
26962 6291 21538 6720 100 73
13931 193 19895 977 100 77
26962 5137 20037 876 100 77
2995 2289 26500 7912 100 59
32757 2902 3548 2322 100 50
6334 9734 22648 2729 100 95
17035 8134 24370 6463 100 73
15890 2307 28253 9503 100 96
4827 3179 11538 695 100 62
3035 1907 17673 961 100 90
15006 2972 15890 3592 100 54
19718 5835 16118 5535 100 88
19895 6158 2995 4956 100 67
6868 3120 32391 9724 100 53
17421 574 11478 3445 100 66
32439 8104 13931 664 100 61
31101 623 32757 7004 100 57
32662 8724 12382 7842 100 88
6868 7328 19912 146 100 59
12859 9381 19169 6909 100 58
3548 532 6334 692 100 66
23281 2405 16541 1047 100 88
16944 2139 22648 2628 100 90
19718 7440 19629 1778 100 78
8723 6125 28253 4745 100 55
5705 4815 22929 1180 100 83
288 9593 17421 7479 100 77
24084 1105 15724 5333 100 63
7376 1064 14771 1165 100 61
4827 3896 16541 7508 100 67
17035 4059 24393 8245 100 61
22648 1049 17673 4769 100 87
4827 3061 8942 2143 100 91
26500 3603 16944 1226 100 63
19169 1347 41 423 100 81
16118 6152 9040 1665 100 69
41 668 11942 786 100 76
2082 6260 3548 7728 100 75
27529 734 12382 9312 100 82
32662 8211 22648 1570 100 87
19912 4750 16944 2064 100 88
12316 787 4664 1754 100 82
11942 273 30106 2088 100 57
491 9269 3548 9388 100 62
4966 7321 5447 4640 100 90
5436 1411 12623 3020 100 73
20037 2999 11323 2357 100 65
25667 2405 19895 1457 100 99
30106 8592 1869 9094 100 50
27446 5253 5436 9313 100 82
11942 153 31101 1505 100 89
32439 72 22190 4854 100 73
1869 1945 2995 9193 100 99
32662 6344 7711 8061 100 78
778 2718 9040 4439 100 64
29358 7432 19264 2050 100 95
16541 2792 32391 1098 100 64
2995 3059 24084 5316 100 70
27529 8357 19954 1135 100 50
27446 3877 23805 7780 100 57
11478 8252 21538 2403 100 63
4827 6678 19912 8428 100 64
12316 6385 18467 2364 100 50
17421 8938 9741 4841 100 62
11323 9768 16118 4493 100 66
6729 381 19912 96 100 90
3035 8499 9894 5923 100 65
21726 6850 6868 8606 100 57
7376 1588 28703 9223 100 80
8942 5606 19954 1158 100 99
17035 5758 1842 8366 100 79
11840 9356 153 9298 100 70
27446 9988 15350 1683 100 53
5436 2469 15141 8275 100 59
5436 1654 23811 8545 100 52
5537 8900 32439 4837 100 58
14771 9958 15350 7438 100 63
19629 5253 11840 5284 100 86
18716 4536 11840 9670 100 73
12623 9077 27446 1348 100 50
16541 8351 19912 8137 100 76
21726 7376 11942 571 100 66
19895 6467 21726 342 100 55
41 4999 19718 2634 100 83
9741 5941 28703 3623 100 68
21726 5575 6868 9299 100 60
16541 201 1842 4726 100 54
292 2024 19954 735 100 60
21538 8717 4664 1483 100 79
24626 7740 32662 9773 100 75
12859 30 19264 6843 100 79
8723 1458 30106 2980 100 85
27529 6667 292 5311 100 91
11942 4580 19718 1099 100 59
27446 8064 16944 4000 100 87
15350 106 18756 7911 100 67
19264 7366 17673 6436 100 73
24626 7212 13931 5865 100 61
7711 5771 15141 1052 100 90
8723 6250 5705 666 100 92
27446 5874 4664 1148 100 74
24370 6763 30333 5536 100 70
2995 2061 27529 7301 100 65
12859 139 491 582 100 75
24084 9337 292 1575 100 99
15006 537 41 5864 100 75
21538 9788 12382 2851 100 70
5537 6071 17673 75 100 93
16944 7195 18756 9979 100 80
27529 7438 29358 5374 100 54
8723 7222 32391 9766 100 67
9741 9389 32757 6955 100 78
12382 1527 19895 2039 100 71
5537 5517 16944 8054 100 51
24626 4056 5447 3148 100 81
16944 1301 24084 6439 100 56
11323 1033 18716 393 100 80
21726 5842 24626 9026 100 64
19629 5907 2995 8717 100 88
32391 7782 4664 121 100 83
24084 4615 11478 1870 100 58
21538 3592 30333 4771 100 86
19912 3467 11942 5881 100 87
14604 8230 32662 1828 100 77
19895 2151 292 4153 100 50
5537 8720 23811 8383 100 85
17673 5202 13931 8213 100 72
27529 5058 6334 2249 100 96
15350 1395 16944 6823 100 61
18467 4287 15724 3123 100 91
23811 4820 17421 6209 100 69
19912 3902 30333 5674 100 68
41 6430 23805 5009 100 74
5537 5015 3902 6890 100 63
32662 5188 20037 7933 100 67
12859 542 12316 9923 100 54
778 8584 7376 5347 100 56
26308 2280 19264 3198 100 61
3548 5447 29358 6860 100 86
15141 3142 23805 2344 100 67
28253 3888 25667 7549 100 96
153 7639 12382 6190 100 98
15141 4078 22190 7624 100 74
11840 6350 26500 377 100 68
28253 2729 27446 216 100 55
17421 8352 17035 8672 100 84
22190 1465 14604 1128 100 82
19895 4986 778 5389 100 67
5436 3632 19912 8666 100 59
11840 1896 3902 5161 100 96
23811 2361 25547 5872 100 67
27446 8120 16827 5645 100 84
5705 3596 19718 6621 100 79
19169 5269 9961 3210 100 50
32662 1830 19912 6344 100 78
24084 666 3035 7151 100 54
19954 2295 5705 7372 100 91
11478 9905 9961 284 100 97
23281 2290 14604 6575 100 58
12382 5783 28145 6982 100 82
7376 8268 11323 9679 100 99
24370 2460 18756 335 100 70
15724 7550 28145 7824 100 57
2995 9309 12316 759 100 98
153 8256 8942 7225 100 99
28703 4449 28253 1807 100 94
32439 219 12316 4836 100 67
27446 4809 3548 5519 100 74
18467 2725 21726 5807 100 75
18467 1164 19954 2488 100 80
1842 2851 292 7770 100 65
2082 265 292 67 100 88
28703 1661 3548 6028 100 94
14771 2666 18716 6139 100 89
26299 7048 28253 4404 100 51
30106 6241 14604 3175 100 66
9961 9676 7711 3954 100 87
20037 688 27529 784 100 78
9040 6429 2995 180 100 93
26299 7004 19895 9843 100 60
18467 5136 18756 1987 100 79
32662 1472 24084 6366 100 71
11323 5987 27529 8983 100 70
153 8901 2082 6594 100 53
32757 20 32391 3472 100 96
14771 57 32757 5033 100 75
30106 6966 14771 5167 100 69
16944 1479 19264 2828 100 73
17673 2003 26500 8833 100 50
5705 527 28703 5610 100 72
24084 3961 11323 7863 100 62
30106 2081 16541 7318 100 98
27529 7178 26500 5238 100 91
288 6922 9741 7221 100 77
8723 5343 8942 9298 100 89
1869 4062 23811 5352 100 80
11323 5760 15724 3651 100 68
22929 5084 23805 5694 100 57
19912 323 41 1155 100 94
25547 6017 13931 4010 100 60
14771 6419 28253 3495 100 89
28253 3695 26308 5851 100 78
153 4407 26299 5800 100 50
1869 641 18756 4812 100 72
19169 8551 16118 2537 100 87
27644 7445 14771 8938 100 84
19718 5745 5537 2178 100 73
19718 5312 15724 5257 100 50
18467 2353 16541 2692 100 72
21538 2376 31322 7149 100 82
12859 2815 31322 103 100 51
7711 137 6729 4749 100 84
22648 8768 21726 6053 100 79
32662 2695 24393 4981 100 93
4966 7859 19895 4278 100 68
32662 7054 26308 238 100 91
15890 8147 26962 4171 100 93
26500 6107 28145 8819 100 75
15724 9045 16541 3261 100 61
19912 4667 24626 76 100 67
26500 167 8942 1054 100 50
23281 1977 9961 5793 100 70
20037 3326 23281 4889 100 68
7711 5836 16541 9674 100 60
23281 9491 7376 5503 100 92
24084 952 19895 3361 100 72
16118 1554 15141 5597 100 66
14771 8224 6334 476 100 54
12623 8343 21538 7632 100 76
6334 4437 22648 9989 100 67
16541 4652 19912 9654 100 70
16541 5293 25547 8945 100 67
23805 2177 6868 9204 100 59
15724 228 5436 528 100 99
3902 9184 19264 3774 100 64
27644 5189 18756 915 100 62
12623 4546 24370 5850 100 90
12316 3161 18716 9421 100 66
4827 6461 15141 1263 100 99
15141 7945 27529 7371 100 55
6334 7953 15141 5254 100 79
12316 6616 4966 8735 100 80
16827 9265 19912 9018 100 57
27446 7644 25667 2746 100 74
23281 5726 24084 5105 100 84
18467 1593 6729 3080 100 93
16944 5857 32439 3223 100 85
41 6762 6868 3285 100 77
6334 3848 19264 5152 100 75
19912 6272 17035 8237 100 87
24626 7481 41 7519 100 56
27446 2714 32439 9984 100 54
11840 4386 3548 6282 100 50
5436 5516 25547 185 100 56
26962 6896 13931 2425 100 50
22648 5970 21726 1502 100 85
26299 6851 22929 5398 100 72
13931 5741 1842 3505 100 96
8942 9695 22190 4081 100 94
4827 2538 15890 9670 100 55
14604 2365 4664 8243 100 76
4827 1499 19912 4599 100 62
24626 8066 20037 31 100 75
19895 1875 3902 3818 100 93
24626 9728 5705 3132 100 88
3902 9348 6868 1826 100 72
24393 8944 31101 5175 100 61
12382 3640 9894 6340 100 78
9040 9951 12623 7547 100 51
29358 7077 27644 6557 100 89
24464 6023 26500 540 100 73
24370 2485 20037 1906 100 80
16541 6658 28253 573 100 69
2995 2604 18756 31 100 76
19954 987 32439 8010 100 77
288 4023 19264 579 100 55
24464 8477 9741 9285 100 58
153 3549 15890 1435 100 71
11942 1265 24464 867 100 56
16944 7604 32439 1538 100 80
15006 3409 23281 2693 100 58
32391 6100 2082 5128 100 87
778 9494 31322 89 100 59
31322 7964 32391 6146 100 63
4966 1474 23805 9466 100 56
4664 954 13931 5827 100 50
19169 7285 12623 3757 100 53
9961 4943 25547 3673 100 67
23281 7768 14771 3239 100 66
26308 8795 19954 1987 100 90
4664 4248 23281 935 100 60
3548 9601 29358 3954 100 69
28703 4377 30333 3412 100 81
153 9686 15890 3885 100 66
32391 606 9741 4439 100 97
15006 9035 292 3037 100 97
16541 9606 2995 3367 100 59
14604 4565 15350 2792 100 79
7711 2829 27529 1531 100 65
24084 5923 15724 5689 100 87
27446 2180 31322 4196 100 67
22648 4736 15890 6051 100 84
12859 4729 24370 1154 100 72
24084 8301 27644 1237 100 80
15006 1197 19169 4161 100 76
21538 9229 12382 5062 100 64
12316 8709 4827 8079 100 76
22190 7475 292 7682 100 75
491 4568 30333 7532 100 53
18756 8266 3035 5286 100 77
26308 5594 27644 7233 100 95
15006 468 22929 3533 100 95
18756 1014 11942 9616 100 85
9040 2510 16118 7148 100 76
16118 5589 23811 6866 100 58
32391 5081 12859 8251 100 51
23805 3454 12382 1173 100 71
24464 3739 5447 3991 100 61
32757 9877 28253 7054 100 82
16944 589 2082 773 100 93
22190 539 25667 2888 100 70
11840 1560 23811 5520 100 82
7711 1989 12623 9606 100 67
18756 8732 26500 1462 100 89
24626 4611 30333 6923 100 86
28703 3919 24626 2270 100 56
6868 2486 23281 1845 100 73
8723 2508 26500 6498 100 85
24393 2411 17035 3005 100 76
11323 4514 11942 1227 100 56
16944 6544 2995 339 100 98
25667 9740 23281 5433 100 75
18467 633 19954 4828 100 64
26299 8722 1869 3671 100 72
1842 282 778 9368 100 59
28253 4458 9040 3227 100 59
23805 5434 11478 1001 100 94
27446 7730 12859 4299 100 92
15350 2488 26500 6194 100 60
288 2280 6729 5358 100 51
7376 2452 288 4013 100 86
27446 1416 24393 2704 100 83
6868 9459 31101 8537 100 62
14771 5937 12859 526 100 94
9040 6446 9961 9290 100 94
24084 5846 19912 3936 100 56
17035 5599 8723 9714 100 96
23811 344 12382 2324 100 75
1842 4334 6868 597 100 73
7711 3592 17421 3244 100 56
3035 4696 22648 1139 100 74
12623 7666 23805 6713 100 81
5447 9059 11478 4290 100 90
18756 606 15141 1103 100 90
32439 7950 11323 583 100 53
9741 869 19912 6667 100 87
30106 2516 26500 7791 100 76
6868 3388 491 4243 100 81
2082 8563 28145 1874 100 58
12382 7727 29358 5121 100 79
27529 1576 25667 1221 100 74
16541 5712 5436 8611 100 58
24464 8514 19912 7830 100 86
25667 3339 19954 4988 100 67
15724 8391 27446 9868 100 59
19718 3124 11840 6320 100 62
2082 562 20037 5494 100 96
30106 9714 20037 2302 100 99
19895 528 5537 463 100 73
28253 3 3548 199 100 98
31322 5098 19629 5290 100 83
27529 3262 5447 9551 100 96
17673 2572 6868 7055 100 64
26308 4640 27529 129 100 97
12316 6422 15141 5044 100 72
25667 8756 6729 333 100 95
27644 2322 32439 3931 100 65
3548 3269 6334 1580 100 73
13931 7610 19895 2002 100 64
18716 5042 24370 99 100 89
12859 4572 11323 4928 100 84
18756 6201 17421 523 100 51
7376 9175 13931 1652 100 52
25547 630 24393 893 100 94
11478 4521 21726 5165 100 60
18716 389 288 1113 100 59
5705 8188 13931 320 100 86
14604 4722 288 9754 100 96
2995 9524 20037 6425 100 63
4827 488 6334 2659 100 79
24084 5566 23811 6500 100 75
3902 1516 20037 850 100 97
17421 8901 4966 7737 100 97
18467 4265 6868 102 100 82
12623 6489 30333 4508 100 89
27529 6586 18756 106 100 78
7376 518 23805 4972 100 59
6729 7996 32757 2662 100 68
16827 9785 27644 8804 100 84
11538 1453 288 2837 100 95
18756 1544 11538 6921 100 77
27446 297 9741 6129 100 61
28703 5876 153 5343 100 98
21726 253 41 3613 100 51
28145 1814 11323 7451 100 67
16541 3849 2995 6834 100 87
32662 7450 23281 3209 100 58
19629 3365 22648 4562 100 64
28145 1321 11942 763 100 88
11478 2593 4664 9850 100 56
288 736 31322 5833 100 55
6334 1007 12382 7953 100 90
11478 1070 30333 2751 100 70
21538 3220 19718 59 100 58
491 5384 17673 7658 100 71
17035 3635 19954 3737 100 61
5447 2021 24084 2080 100 84
12382 9412 32662 5446 100 95
19169 2549 4664 1244 100 74
5537 2316 19895 9 100 67
19895 746 3035 2930 100 66
14771 1880 19954 439 100 76
19912 7629 7376 5589 100 79
12316 3163 14604 2189 100 52
17673 713 14604 2815 100 94
1869 4164 16541 5615 100 62
27529 943 28145 6846 100 66
26299 4351 21726 2251 100 94
16944 4061 32662 4420 100 54
12316 2133 8942 8034 100 76
32439 7879 18467 5387 100 71
41 5061 491 4072 100 90
32662 2537 27446 8064 100 76
25547 2443 5705 2978 100 58
3035 5183 14604 2298 100 81
11538 7468 21538 1072 100 90
26500 9050 288 1849 100 54
15141 6459 31322 2155 100 55
19264 9847 11840 768 100 98
11478 8364 7376 309 100 64
11538 1724 27644 8625 100 59
15141 1221 41 6031 100 61
11942 2344 292 4815 100 65
32662 8919 5436 1367 100 79
24370 2716 7376 2345 100 69
17673 6115 16541 1685 100 87
14604 5573 6334 7804 100 58
11538 2224 32662 2229 100 88
778 3950 19954 3845 100 84
17421 2371 32439 3213 100 52
4966 1906 22190 5584 100 59
4827 6218 3902 9666 100 80
32439 3279 778 7103 100 83
22929 7430 8942 6103 100 54
32391 1833 12382 5821 100 65
19912 3348 7376 4827 100 56
292 7244 24626 2800 100 81
21726 1753 4966 1508 100 54
2082 8907 24626 2819 100 78
23805 2052 3902 1991 100 88
27644 6980 153 4956 100 84
3035 5828 30106 2300 100 76
19912 3876 32757 3682 100 87
9741 1776 26308 5199 100 57
3035 8700 31322 7660 100 68
17035 929 19629 2545 100 79
19264 1633 23811 834 100 87
27446 1364 24084 4560 100 99
23811 6833 16541 7665 100 63
19895 319 18716 1028 100 95
18756 9397 5705 4417 100 81
12382 2048 11478 8463 100 89
16944 4643 22648 8599 100 55
12859 7206 288 5558 100 62
28145 9129 9961 1293 100 52
7376 7234 19629 8764 100 64
15006 4847 491 3384 100 81
28253 6781 7711 832 100 94
26299 8324 18716 5859 100 53
16541 4404 32757 8841 100 98
19895 5532 491 3650 100 84
19954 778 5436 4439 100 53
17035 2620 23811 6006 100 96
27446 5078 6868 4524 100 94
7376 7898 18756 139 100 70
6729 4041 17035 1002 100 84
11840 8827 1842 66 100 88
19954 7982 5447 2082 100 84
21726 3256 19912 1812 100 59
6334 8497 28253 6126 100 86
288 8437 491 1907 100 56
4827 1183 17035 70 100 75
4664 9221 19718 7483 100 90
26299 883 12316 923 100 50
15724 6984 7711 2786 100 86
24464 839 1869 1970 100 99
9741 3592 19264 4485 100 93
3902 9827 11538 1383 100 64
16541 2100 3035 7135 100 59
3548 7245 6729 6885 100 93
24464 9699 25667 939 100 68
18467 3084 29358 1219 100 54
18716 5452 12859 2133 100 89
41 6875 26500 5398 100 61
22648 9557 19169 7843 100 59
9741 8190 5436 4149 100 74
15141 509 22929 6346 100 82
19629 7719 3548 3207 100 68
17035 2014 12382 770 100 50
5705 8618 12859 5765 100 67
32391 703 26299 709 100 85
17673 2344 25547 4301 100 58
18716 4824 23811 9696 100 89
19954 9570 22929 1131 100 59
20037 7609 19912 9445 100 96
9961 5318 14771 1630 100 82
14771 132 16827 8461 100 59
19912 1818 11942 9321 100 54
15724 4970 11538 5246 100 78
13931 8835 5537 7227 100 91
31101 4642 15350 50 100 94
20037 979 4827 8724 100 59
30106 5844 20037 4022 100 78
8942 6552 24464 1872 100 89
24370 9941 31101 5370 100 52
8942 5065 23811 4968 100 82
14604 8283 12859 6914 100 72
26299 2882 14771 1162 100 50
19912 2534 24626 8930 100 64
32391 6634 19718 9724 100 61
11538 2782 26500 6122 100 74
12316 5423 30106 8264 100 69
3902 8631 4966 4638 100 91
30106 8378 17421 563 100 87
5436 3076 27644 5315 100 58
19264 531 14604 9587 100 51
32662 3742 5447 781 100 75
4827 5606 41 4234 100 99
19629 8168 16944 7399 100 76
11840 2444 1869 7544 100 94
26962 6349 41 518 100 80
7711 684 19629 1448 100 50
5436 9770 14771 1888 100 59
2082 4545 11538 2622 100 59
28703 9247 18716 1082 100 99
16541 8304 25547 8396 100 69
21726 3139 15724 1082 100 98
8942 556 27446 143 100 73
6729 7366 2995 8286 100 92
11538 1298 30333 9814 100 77
23805 920 26299 2809 100 88
4966 3323 18716 9053 100 58
19718 1881 32439 7099 100 52
153 3993 5705 7578 100 78
16944 4247 32757 6266 100 65
16827 3488 3902 5974 100 54
3902 5966 31101 4083 100 80
15724 3441 5537 8324 100 53
26308 6460 22929 2066 100 52
32439 6806 6729 6605 100 84
17035 7944 16118 8262 100 81
17421 3569 491 9323 100 56
292 1670 4827 472 100 80
3035 1494 491 2729 100 74
26299 5300 21538 6549 100 69
18467 4992 5537 3303 100 88
778 8969 28253 4613 100 93
9894 4410 12859 2651 100 88
31101 7502 15006 7222 100 60
292 3912 16118 4023 100 50
153 1620 9961 6808 100 78
12623 2145 8723 149 100 51
2082 6392 9040 9448 100 56
21726 5450 19169 7294 100 54
6868 1845 27644 1598 100 68
15350 6100 4664 1433 100 65
16541 8941 8942 6009 100 52
21726 4387 16541 974 100 51
778 3659 22190 5729 100 54
292 5927 8942 3968 100 83
5537 7923 6868 9542 100 53
16118 2048 11942 7368 100 88
12623 1884 11538 4688 100 75
12382 4960 19169 921 100 55
28145 342 3902 6700 100 98
5447 7720 12382 9451 100 69
22929 1382 18716 4405 100 69
12382 3192 9961 6204 100 87
24464 6666 17035 6866 100 94
23805 5026 19629 7541 100 85
4966 724 19912 3251 100 66
15006 5596 24626 951 100 90
18716 1920 29358 2027 100 62
15724 6583 18716 9710 100 62
26500 5635 26299 1341 100 66
14604 6434 31101 80 100 71
28145 5408 19895 1930 100 96
5447 2670 28253 9141 100 67
2995 9984 1842 8815 100 81
24464 1408 24370 1885 100 58
12316 101 28253 5778 100 64
23805 4172 15724 4796 100 98
24464 3525 21726 1670 100 62
18756 9688 6334 3746 100 72
32662 398 2082 7895 100 60
27644 1719 4827 6257 100 76
6729 5610 491 2883 100 81
778 7583 12382 2839 100 53
4827 6167 778 3061 100 81
26500 7193 9040 6226 100 61
24084 4557 15006 8738 100 89
19629 6868 20037 8061 100 71
14604 1258 6729 4757 100 51
5436 2216 4664 189 100 98
8723 8532 9894 8125 100 74
24393 287 14604 1762 100 83
26962 9490 17035 4605 100 69
16541 9413 22648 3253 100 92
8723 8593 11840 8348 100 66
16541 1735 22190 3666 100 93
5436 608 23805 2599 100 85
7711 7507 9961 3212 100 85
3902 6999 18716 320 100 57
22929 8552 23805 2192 100 63
11942 5089 292 693 100 61
13931 4346 9961 268 100 53
27529 797 26299 1568 100 54
12382 643 7711 7237 100 78
29358 9039 27446 2546 100 50
32662 2476 23281 1431 100 79
32439 4416 12382 6099 100 54
24370 1736 8723 6872 100 72
26962 2358 16118 5132 100 90
13931 6727 17673 8930 100 95
6868 7901 5436 174 100 81
3035 1313 12859 6927 100 83
22190 3289 19629 9728 100 81
16827 6731 23811 2796 100 76
28703 9582 21726 5632 100 64
24084 7457 25547 8852 100 55
18467 1894 19264 773 100 66
5436 6782 17421 6533 100 66
23281 5812 25667 1052 100 74
292 3773 4664 202 100 53
27529 1111 15724 1358 100 72
12623 4253 25547 1980 100 79
18716 6118 778 5797 100 83
4827 2152 31101 6065 100 68
16827 6874 23805 6586 100 73
31322 2662 23811 9097 100 90
28253 8536 31322 2592 100 51
32391 1781 11942 9624 100 70
17035 2547 11478 2350 100 88
27529 6468 9894 9981 100 94
9961 1967 18467 8294 100 83
4664 600 8942 6163 100 60
24370 8080 17673 7525 100 50
11942 5674 292 4086 100 50
9741 2275 11840 58 100 84
5447 270 24084 5037 100 88
22190 3612 32439 2661 100 71
16118 5171 15006 9958 100 99
32439 2550 28253 2698 100 77
27529 7438 19718 3742 100 54
12316 695 6729 1493 100 72
19169 904 16827 5525 100 67
21538 8084 14604 168 100 51
32391 1119 32439 9232 100 61
26299 8534 9040 7262 100 67
21726 7011 26299 6102 100 55
9961 3547 31322 3834 100 80
5447 411 26500 606 100 58
2082 3063 26299 4015 100 97
16541 6782 27644 7538 100 56
20037 8922 7376 3912 100 87
26299 3718 24370 808 100 58
27644 1211 31101 5852 100 76
5447 2487 26308 2015 100 98
19718 5863 19895 5987 100 78
18716 846 13931 6714 100 72
15350 2619 24084 3839 100 68
22648 4560 7711 2406 100 87
32662 4380 15724 2720 100 88
23811 7124 25547 1738 100 60
27644 2625 15724 2989 100 59
24084 1430 19169 3380 100 96
28145 2051 11478 9787 100 91
18716 3407 5447 747 100 77
16118 5406 9961 4949 100 94
5705 7785 491 1588 100 64
1869 9963 16827 1476 100 76
31101 3529 17421 1707 100 77
9040 3248 18716 9900 100 74
15350 9096 5447 1413 100 92
2995 1807 24626 7251 100 94
5447 2255 26500 4452 100 52
18756 7790 19912 146 100 55
25667 3278 7711 607 100 94
27529 4422 12623 299 100 53
24626 8041 16827 4052 100 91
32439 6708 15006 657 100 75
15141 1627 27529 2263 100 67
21726 1100 23811 637 100 70
26299 8540 24464 4654 100 99
2082 2139 18716 9046 100 70
17035 5221 12623 9792 100 51
2082 929 11323 6206 100 86
11323 6238 27644 194 100 83
13931 5980 15350 421 100 78
19954 609 9040 4756 100 50
9040 7184 19264 6395 100 90
19718 6458 5537 1866 100 67
9040 1286 1842 7431 100 86
12316 5260 9040 9122 100 50
19954 8946 6729 5706 100 83
24370 820 26962 3670 100 53
9040 3038 22648 3927 100 71
18756 4030 778 1978 100 82
14604 1444 32439 3093 100 59
24464 8222 29358 2523 100 59
7711 9382 25547 7262 100 74
22648 305 28703 4855 100 98
17421 2966 7376 6979 100 86
24393 4906 4664 8886 100 90
32391 5361 30333 4442 100 93
19954 3709 17035 795 100 82
16541 1252 2082 8742 100 54
8942 6755 28703 855 100 96
32662 2997 8723 2262 100 54
25547 9127 26308 4705 100 84
7711 4265 18716 1276 100 96
15350 5815 15141 7803 100 68
1842 3777 12316 2581 100 83
11538 4444 19718 2703 100 65
15006 4402 24370 7535 100 91
19912 3320 23811 393 100 63
9961 2304 17673 2912 100 92
16118 6216 32439 8826 100 93
19954 2305 11538 976 100 88
30106 7619 11478 2418 100 51
32439 9934 292 6850 100 82
21538 5787 15350 7694 100 74
30106 7460 22190 7508 100 60
24084 3935 4966 9122 100 54
28253 5466 778 5138 100 80
6729 2093 25547 9341 100 89
28253 212 11478 4268 100 81
30106 3114 5436 8571 100 72
31322 1261 25547 1728 100 50
31101 465 25667 1606 100 74
19954 1153 32757 1626 100 94
30106 2431 4664 5780 100 72
19629 9081 19954 723 100 52
1842 6440 17673 4426 100 50
22190 1598 32439 9698 100 70
24393 6269 18716 460 100 74
19629 2165 153 6402 100 52
24084 8807 153 8187 100 94
24464 7544 5447 8111 100 58
17673 6756 15350 3205 100 60
292 760 11942 2048 100 93
19629 1067 25547 4966 100 61
24393 5932 6729 9048 100 56
15006 9616 1842 4335 100 51
9741 5491 19629 1661 100 83
11538 891 19895 5250 100 64
11323 4057 13931 786 100 61
778 1290 18716 6226 100 89
23811 6692 288 74 100 83
28253 158 23281 216 100 57
18716 163 778 2839 100 57
28253 3196 16118 2896 100 99
24393 5303 26962 3437 100 63
153 3630 18467 9845 100 58
5537 8394 41 2054 100 56
19169 8581 31322 2569 100 75
30333 9023 18716 4502 100 98
17035 4205 3035 3101 100 65
41 1210 14771 8636 100 93
11942 2910 11323 3792 100 72
16944 2069 26962 7889 100 74
32439 39 9894 4306 100 64
6729 1827 22648 1444 100 76
21538 4316 25667 5102 100 54
29358 5008 3902 9948 100 85
15890 5047 26962 9157 100 59
21726 7467 4966 906 100 53
9961 5511 16944 5605 100 82
19954 1942 32757 4826 100 60
19895 3886 28703 8540 100 72
30333 610 7711 8470 100 96
15724 7242 24464 6471 100 78
14771 881 31322 3225 100 79
4827 5857 13931 7252 100 98
30106 6102 15350 1351 100 69
25547 7290 13931 72 100 52
5436 756 11942 3760 100 56
24626 8849 11323 7032 100 50
6729 856 30333 444 100 66
4966 2332 12382 4000 100 85
3902 895 4664 7709 100 96
7711 7136 26962 1634 100 80
153 3375 17673 2490 100 67
15141 8962 9894 4565 100 51
19264 8113 5436 9982 100 80
7376 290 28703 7633 100 83
14604 906 25667 7995 100 72
1842 6133 6868 8056 100 79
9040 461 12859 5421 100 92
18467 8738 12316 3163 100 83
24393 9499 2082 9588 100 65
27446 1465 16541 366 100 84
14771 6800 24370 4337 100 71
28253 3671 11323 6757 100 91
27529 2706 24084 1065 100 82
32391 9197 23281 9602 100 95
25667 2306 30333 2978 100 83
292 4678 491 6160 100 76
25667 7782 5436 5188 100 91
14604 1186 2995 2712 100 76
27446 8458 9040 268 100 57
15006 1753 22190 6981 100 53
19169 9595 17035 4322 100 52
28145 237 491 1221 100 62
19169 566 24393 1864 100 59
5537 7184 21726 6756 100 84
30106 5984 11478 2000 100 84
26308 1807 6334 8957 100 88
29358 5035 18716 7943 100 63
23281 1206 21726 7049 100 72
18467 7576 19912 7959 100 53
28145 597 26962 1164 100 59
12382 2377 29358 6415 100 66
5537 6934 19629 5168 100 94
19954 1948 28145 8403 100 83
41 7723 23811 1273 100 89
26308 8178 14771 7787 100 76
9894 2463 26500 4890 100 62
31101 6830 18467 1913 100 96
9961 6598 16541 8103 100 51
11942 5692 16944 7374 100 81
28253 5926 11478 8848 100 65
8942 5471 19912 3977 100 92
15724 3458 5447 6845 100 79
778 2277 22929 2808 100 57
9040 7290 11538 278 100 94
28145 2869 28703 402 100 82
30333 57 28253 6760 100 73
1842 3526 15141 4668 100 59
4966 813 5705 6339 100 50
22190 9815 27529 437 100 79
15350 1429 15890 9390 100 73
12859 9275 5705 4784 100 72
19912 8529 15006 6048 100 59
16944 7323 11538 2637 100 82
4664 3734 26500 8086 100 55
32662 7201 15350 1925 100 58
12859 8433 19169 1391 100 71
12316 690 12382 8125 100 73
26308 5719 29358 5847 100 64
19954 2048 9961 313 100 71
17421 2466 28703 1709 100 72
7376 8653 6729 1750 100 73
32757 8600 19895 5343 100 90
23805 6188 28145 6763 100 71
19264 7373 6334 6968 100 89
9040 4001 12316 2385 100 81
11840 6696 5436 6613 100 53
26308 6219 5537 1119 100 95
18716 2652 13931 9295 100 88
30333 1124 16944 7965 100 52
18756 2110 12382 1792 100 96
15724 7730 23281 3256 100 93
21726 6438 1869 4171 100 98
8723 9924 30106 8469 100 63
4966 5471 15890 3652 100 97
19629 3599 12382 6708 100 69
26299 1831 8942 5812 100 71
18756 6887 11323 5140 100 91
13931 530 31101 2959 100 90
5447 4391 15006 638 100 59
12316 2328 15006 2094 100 89
26299 6927 32757 4139 100 64
19718 6396 16118 4368 100 95
15350 148 16827 391 100 66
15141 1773 11538 9127 100 90
18467 8835 29358 552 100 54
12316 9720 32662 8595 100 78
6729 1163 13931 1375 100 82
23281 4628 24370 7930 100 50
21538 2045 19954 3127 100 66
41 4638 11840 9772 100 59
23805 2061 11323 4373 100 53
26962 827 2995 6739 100 99
2082 3772 15890 9289 100 71
11323 7366 27529 7478 100 50
5705 3577 31322 3567 100 54
24626 5045 6334 9994 100 73
24370 1881 28253 444 100 66
15350 8098 27446 2318 100 52
8942 5138 5537 6067 100 77
32439 6512 26308 4460 100 81
41 7575 23281 1677 100 65
11942 3340 16944 990 100 52
15724 4564 18756 9814 100 56
41 370 22929 3875 100 67
153 2677 22929 8864 100 98
153 5467 12316 5117 100 85
27446 5727 5436 297 100 94
30106 1813 41 4969 100 61
22929 456 17673 6850 100 90
15724 420 5705 3913 100 71
24084 631 14771 6387 100 83
288 6702 18467 585 100 69
6729 388 32757 8227 100 55
20037 7147 6334 9168 100 83
23805 7862 26299 4312 100 66
32391 8086 18467 4685 100 94
11942 7932 23811 648 100 86
8942 3594 32757 213 100 53
29358 8482 15350 6729 100 83
26962 506 6334 2571 100 55
22929 9224 12859 2444 100 55
24393 8303 18467 8740 100 68
12382 2270 19718 8589 100 90
6868 8400 23281 1563 100 61
23811 2711 9961 44 100 94
15350 7397 18756 6258 100 93
5537 4096 778 2415 100 76
3902 396 27529 876 100 76
11478 1143 15724 8387 100 54
23811 2277 9894 2839 100 61
15890 771 32662 4682 100 53
11840 6868 19895 1447 100 65
9894 4242 16541 5522 100 84
23281 7454 29358 8848 100 68
23805 925 16944 5458 100 90
18716 7905 19264 9555 100 85
26308 9323 29358 3396 100 94
23811 1426 6868 6784 100 65
4966 8258 28145 869 100 77
28145 503 41 4985 100 95
22190 7401 26962 9040 100 77
26299 7091 23281 6919 100 52
28253 90 12316 1425 100 94
5447 3638 12623 795 100 61
28145 371 18756 6655 100 52
6334 3965 41 5717 100 88
9894 9409 18467 3815 100 76
32757 7089 6334 1585 100 68
29358 812 17673 9264 100 64
18716 8885 18756 95 100 94
6868 5741 17035 2415 100 94
8723 6862 24464 5827 100 80
28253 8751 3548 8731 100 56
27644 5138 16118 979 100 51
11478 7781 32439 2413 100 98
27644 142 22648 7277 100 63
23811 4799 12859 6658 100 64
3035 538 19629 8584 100 75
16827 671 8723 8373 100 56
21726 2623 32662 4399 100 96
41 7192 25667 8366 100 99
15141 3952 288 6281 100 96
24464 89 11538 1482 100 77
31322 1136 19169 7940 100 80
30106 6826 15724 9672 100 87
12859 7388 12382 7156 100 89
15141 8796 19264 4413 100 85
17421 7829 30106 2181 100 64
8723 998 13931 838 100 83
491 1468 16541 6733 100 77
19895 9661 30333 1028 100 83
16944 4347 292 447 100 58
5436 2105 12623 2489 100 67
26500 8168 6868 5991 100 59
4664 7270 11942 4167 100 54
17035 7182 4966 1202 100 74
21538 7720 19718 3396 100 94
23811 4027 16827 4278 100 53
26500 3365 292 5986 100 63
2082 8344 19264 6218 100 83
19169 9372 1842 6015 100 70
30333 4017 29358 7326 100 82
19629 5458 9741 2536 100 80
41 6828 3902 8835 100 75
9961 8592 27529 2427 100 50
14604 8043 28703 5536 100 60
11323 7094 15141 5828 100 78
4827 9027 6334 9496 100 56
11942 4776 11840 1672 100 96
11840 1354 28145 7254 100 83
31322 5866 30333 6150 100 99
24464 182 1869 7500 100 51
2995 1924 11840 3253 100 56
14604 2043 28253 9275 100 88
26500 4285 153 9723 100 83
26500 5469 23281 9084 100 82
29358 1381 9040 584 100 95
30106 9087 15890 560 100 69
491 6842 4664 2621 100 56
30106 9766 6868 148 100 91
27446 9967 16118 8703 100 56
19954 2415 12316 2444 100 85
9961 6200 292 7725 100 88
8942 2218 15890 4817 100 50
16827 5086 27529 469 100 70
15350 3517 292 5187 100 53
24084 7235 23805 7501 100 59
12382 7388 6729 6006 100 52
11942 4957 30333 2184 100 61
9894 253 5537 7531 100 89
30106 2027 26299 7971 100 59
2082 6099 12316 7491 100 65
32439 7413 28703 8106 100 59
22929 7125 153 3562 100 59
14604 1754 21538 9578 100 53
18467 3546 153 8098 100 86
7376 2482 24393 8918 100 87
18756 1458 9961 4019 100 93
18716 2892 5447 8826 100 98
9040 102 292 755 100 55
5436 1756 13931 4421 100 65
19912 7213 19264 1410 100 50
26962 9354 19912 1562 100 84
6334 263 1869 4410 100 84
24370 2948 24626 4881 100 65
28703 702 292 7781 100 98
11323 8455 16118 4901 100 79
3548 6673 24393 2007 100 85
16541 524 9040 8985 100 81
288 111 7376 1118 100 70
6334 2942 3902 187 100 57
2082 7613 13931 838 100 77
11538 7596 28253 8550 100 68
778 6324 24464 4117 100 70
11478 9738 14604 1225 100 60
24464 8107 22648 5239 100 68
19895 4050 16827 6685 100 95
11323 8008 6868 3202 100 55
1869 1496 18716 5707 100 77
31322 5819 15890 5008 100 99
14604 3705 19954 3573 100 72
17673 2491 27529 3644 100 74
1869 4986 32662 224 100 66
1842 6955 21726 753 100 98
17421 8061 16118 4251 100 71
5705 6891 19629 4027 100 96
32439 6269 32662 5726 100 90
1869 1667 1842 5721 100 69
6868 7725 11942 7011 100 84
26962 1215 22190 3524 100 99
16541 6221 27446 4711 100 94
19629 3535 26299 2807 100 80
9040 3106 24626 4049 100 67
5537 3259 292 2070 100 55
11538 22 8723 2891 100 56
15724 6028 7376 498 100 92
15141 6974 32391 9129 100 52
26308 5472 778 479 100 85
22648 2222 26962 9663 100 82
4827 6678 19954 5820 100 72
20037 6824 288 8803 100 52
17421 7492 1842 8292 100 58
20037 1425 5447 1375 100 50
11323 9537 32439 2771 100 87
28703 967 13931 5363 100 95
25667 1106 3035 8513 100 80
11840 4972 25547 640 100 95
32757 1126 30106 5306 100 54
9741 8796 16118 1880 100 53
18756 7059 11323 605 100 55
17035 782 8723 8296 100 70
19895 5536 8723 840 100 57
3548 8532 5537 4306 100 56
3548 7516 16944 2881 100 64
5
31101 6729 11942 24393 26500 
12623
55
